001000 00000 01000 1000
000000 00000 01000 00100 00000 100000
000011 10001010000
001000 00000 10000 0000000000000001
001000 00000 10001 99
000000 10000 10001 01000 00000 101010
000100 01000 00000 110000
001000 11101 11101 -8
101011 11101 10000 0
101011 11101 10001 4
000000 10000 00000 00100 00000 100000
000011 10101001100
101011 11011 00010 0
001000 11011 11011 4
100011 11101 10001 4
100011 11101 10000 0
001000 11101 11101 8
001000 10000 10000 1
000010 10000010100
11111100000000000000000000000000
000000 11101 00000 11110 00000 100000
000000 11101 01000 11101 00000 100010
001000 00000 01000 0
001000 00100 01001 1
000000 01000 01001 01010 00000 101010
000100 01010 00000 10100
000000 11110 01000 01010 00000 100010
000000 00000 1 01011 00000 100000
101000 01010 01011 0
001000 01000 01000 1
000010 10001100000
001000 00000 10000 2
001000 11101 11101 -12
101011 11101 00100 8
101011 11101 10000 4
101011 11101 11111 0
000000 10000 00000 00100 00000 100000
000011 10101001100
100011 11101 11111 0
100011 11101 10000 4
100011 11101 00100 8
001000 11101 11101 12
001000 00100 01000 1
000000 00010 01000 01001 00000 101010
000100 01001 00000 1100000
000000 11110 00010 01000 00000 100010
100000 01000 01001 0
000100 01001 00000 1001100
001000 11101 11101 -12
101011 11101 00100 8
101011 11101 10000 4
101011 11101 11111 0
000000 10000 00000 00100 00000 100000
000011 10101001100
100011 11101 11111 0
100011 11101 10000 4
100011 11101 00100 8
001000 11101 11101 12
000000 00010 00000 01000 00000 100000
001000 00100 01001 1
000000 01000 01001 01011 00000 101010
000100 01011 00000 10100
000000 11110 01000 01100 00000 100010
001000 00000 01010 0
101000 01100 01010 0
000000 01000 10000 01000 00000 100000
000010 10011110000
001000 10000 10000 1
000010 10010000000
001000 00000 01000 2
001000 00100 01001 1
000000 01000 01001 01010 00000 101010
000100 01010 00000 11100
000000 11110 01000 01010 00000 100010
100000 01010 01011 0
000100 01011 00000 1000
101011 11011 01000 0
001000 11011 11011 4
001000 01000 01000 1
000010 10100011100
001000 01000 00000 1000
000000 11101 01000 11101 00000 100000
00000111111000000000000000000000
001000 00000 00010 0
001000 00000 01001 0
000000 01001 00100 01011 00000 101010
000100 01011 00000 1100
000000 00010 00100 00010 00000 100000
001000 01001 01001 1
000010 10101010100
00000111111000000000000000000000
