00100000000100000000000000000001
00100000000100010000000001100011
00000010000100010100000000101010
00010001000000000000000000101000
00100011101111011111111111111000
10101111101100000000000000000000
10101111101100010000000000000100
00000010000000000010000000100000
00001100000000000000010000111100
10001111101100010000000000000100
10001111101100000000000000000000
00100011101111010000000000001000
00100010000100000000000000000001
00001000000000000000010000001000
11111100000000000000000000000000
00100000000000100000000000000000
00100000000010010000000000000000
00000001001001000101100000101010
00010001011000000000000000001100
00000000010001000001000000100000
00100001001010010000000000000001
00001000000000000000010001000100
10101111011000100000000000000000
00100011011110110000000000000100
00000111111000000000000000000000
